0.433348
-47.1578
-70.0473
-0.479718
-80.6431
42.4507
-75.6675
8.92538
-83.008
1.63342
8.64466
39.2705
-386.508
-421.503
-98.7974
-5.05896
2.58033
513.217
22.857
46.7492
4.45034
5.79971
1.71182
-45.3056
-32.542
-9.57287
0.204902
-0.209185
-113.588
-123.574
-29.7019
-47.5048
4.28797
-3.49513
53.9707
-0.462584
1.48235
-5.62976
17.3926
5.83114
-0.594149
9.3402
-25.8746
-5.57595
13.5698
27.7497
28.1417
-0.578511
-0.682256
-3.97621
-1.2998
-31.571
9.58897
-37.1578
22.9472
22.5626
1.11183
-32.4873
-7.56711
156.712
33.1432
99.6042
-6.07168
-1036.55
-4.16837
-17.7719
0.40647
12.7884
-7.13716
0.251962
-1.32543
-13.7487
88.359
-28.729
8.72867
-27.8003
-8.92444
-0.442858
0.744213
0.536217
-7.31342
-7.61514
-87.7475
-5.91695
-0.726617
61.8044
-14.6404
-0.30365
-32.0962
2.74662
1.39084
10.5082
21.2272
17.9138
-0.207916
-116.309
-17.2171
-47.1889
-9.24561
0.546404
13.1833
15.9157
6.65962
3.09238
205.62
-3.87726
-19.528
9.67136
-89.5514
-579.615
153.969
-36.3554
-4.50436
37.3546
-90.6927
25.0695
16.6063
-20.6379
-15.2796
-3.95806
-22.4278
21.0426
-29.0782
-22.6218
101.852
-7.73312
24.8537
11.8343
2.09338
3.42167
-47.5376
48.2502
-1.81085
-15.213
-10.7619
1.37853
-0.180051
-3.7448
-72.7811
-0.168072
1.44313
0.579699
-2.20122
43.4414
-30.3392
2.94886
-2.13665
40.7471
-22.9607
-28.9374
11.4482
-5.23801
-22.7862
36.1523
3.98395
-0.119874
-0.0399328
0.356608
-2.21088
1.34984
177.482
36.0352
-3.51606
-0.609156
-205.347
69.2498
-1.02595
8.11996
-3.32954
3.3106
12.3316
19.7593
-1.31947
12.1198
-26.4726
-223.509
-47.1863
18.1934
-50.7788
-63.8663
-9.27605
8.72781
17.1386
-76.3482
-56.3297
-39.7365
-15.4946
11.3272
-3406.56
-102.566
-0.709322
1.52276
-90.4578
-6.01147
-24.5102
-29.1295
-9.79074
-65.4849
-3.82746
174.91
-84.0933
7.73907
-4.55033
0.241421
0.364852
-172.322
5.65562
16.7771
47.5145
62.9259
25.015
56.752
32.6309
34.5042
1.11003
-0.919925
-2.6129
-17.5225
-2.22314
0.340256
61.4383
4.97744
1.97972
8.63658
-0.52305
-2.7821
-0.375717
5.72302
-14.2552
-8.83806
8.97722
2.02126
1.75771
-19.3868
-1.04193
1.17788
10.5187
-7.10877
19.8958
96.8123
24.1641
-3.16404
16.6492
-6.69623
-7.23659
0.472068
9.80378
6.02953
0.020674
-0.0158276
0.0121469
-8.89139
-22.1254
426.207
2.60485
20.002
-3.0426
-2.81575
-3.1751
-7.63079
4.06625
-2.35945
-5.8389
-0.494881
-99.1546
75.9967
-10.5811
-138.783
-26.5838
-6.21048
-0.421801
7.58238
-23.1482
65.0469
-24.8954
24.2496
-0.650575
2.54825
10.7575
112.002
21.8782
-42.0111
-1.25907
16.8662
5.2405
9.30465
-11.078
65.4933
7.27227
11.7223
59.4088
126.603
-66.213
-6.57031
-10.4753
1.09967
-2.05314
-1.07763
490.941
-2.23303
-0.134282
-0.323444
76.0241
-0.398364
3.99308
0.135138
-3.91074
6.56219
19.7803
0.0128835
-0.943602
-18.419
-63.095
25.1922
-22.6339
54.6496
-0.953314
-3.29092
0.114425
-4.03234
-45.7886
-22.875
0.00746839
4.85838
-0.367578
-3.87324
105.465
0.143243
3.7724
56.2613
-11.715
-2.45445
14.9719
-14.0349
-19.5315
-2.50949
0.394276
-314.693
16.0925
8.74116
130.889
-157.14
5.2094
-134.574
-3.86124
-11.0972
-4.25463
166.054
165.995
66.1886
-15.019
-9.08249
0.0596101
71.6039
-8.79984
-0.895007
-4.61924
-16.0261
127.563
-8.45801
-99.4328
-124.909
-5.90544
18.9749
-12.8635
-158.069
24.0842
0.490149
2.74422
-65.9306
6.79277
-3.60083
2.14591
7.43794
-68.7066
-4.2007
-8.58974
-17.9912
-7.57417
-0.08438
1.13963
-7.49667
-119.921
-8.2527
2.28864
-0.743355
28.1637
22.9734
-535.701
-98.1752
1.45703
0.563854
-16.474
-20.0573
-5.36191
-4.2887
-9.07796
-64.2011
1.28869
-8.35668
-43.9369
-6.59659
0.133028
-0.530334
-176.768
-39.8355
1.83698
-1.42178
28.6248
85.9493
7.5165
3.83011
356.011
4.47035
-113.663
5.49609
0.913455
38.1735
12.5838
-7.63761
-1.67621
-35.5206
-43.8555
-24.7787
14.1334
-47.3069
-7.95651
60.9824
0.960668
-2.6756
1.95889
-1.8915
-93.9765
22.2181
0.0833092
-4.54161
-22.3987
4.57211
-105.261
-79.854
2.87643
33.5334
84.852
21.4621
-5.11759
5.04909
-2.67194
-0.0660088
3.67388
-0.124111
67.4013
143.176
-117.195
-3.07309
-6.67434
-0.0133468
-6.71985
-0.0750085
-63.7051
-97.9919
-372.895
102.398
174.969
-94.9321
-1.88673
-0.0779189
-1.10866
-4.88272
-17.1657
12.6377
-7.37623
-9.47631
1.5436
4.75347
13.9134
11.7912
-7.34394
-6.85317
15.2791
-0.0383298
-0.23684
0.669735
1.59797
-11.1465
1.75686
0.237164
-20.458
-0.241973
-7.97901
-5.96992
10.0418
3.57279
2.7174
4.83079